x_coordinate,y_coordinate,no_packages
1597, 1401, 1
867, 963, 1
117, 733, 1
433, 1619, 1
1856, 646, 2
1400, 1729, 1
907, 1647, 1
1873, 1966, 1
261, 1891, 1
1295, 36, 1
1128, 150, 1
1874, 70, 1
1485, 507, 1
74, 317, 1
473, 1230, 1
741, 293, 2
1936, 1922, 1
995, 348, 1
325, 528, 1
36, 1743, 1
770, 1512, 1
1145, 190, 1
598, 125, 1
1293, 1708, 1
1267, 1240, 1
1563, 1594, 1
1823, 264, 1
467, 440, 1
814, 697, 2
1977, 1772, 1
1521, 356, 1
1679, 681, 1
1029, 515, 1
961, 1756, 2
1251, 1979, 1
914, 712, 1
17, 1537, 1
824, 1011, 1
22, 407, 1
1747, 1041, 1
1620, 1506, 1
656, 113, 1
1304, 499, 1
891, 667, 2
715, 3, 1
433, 1038, 1
1631, 1065, 1
502, 1288, 1
969, 1301, 1
917, 18, 1
579, 131, 1
832, 1065, 1
507, 1327, 1
1096, 622, 1
938, 368, 1
831, 650, 1
1860, 1400, 1
1426, 701, 1
634, 511, 1
990, 882, 1
369, 235, 1
6, 1598, 1
308, 87, 1
923, 1976, 1
750, 396, 1
1776, 335, 1
480, 1578, 1
314, 265, 1
853, 1506, 1
803, 999, 1
370, 284, 1
683, 901, 1
859, 1545, 1
1246, 1737, 1
1464, 307, 1
1451, 378, 1
701, 44, 2
1155, 1691, 1
614, 368, 1
1221, 493, 1
158, 1779, 1
712, 178, 2
1402, 820, 1
1849, 555, 1
785, 1066, 1
1231, 1813, 1
1271, 363, 1
1206, 1740, 1
1891, 1113, 2
1431, 1544, 1
3, 452, 1
1238, 1326, 1
376, 644, 1
422, 1849, 1
1802, 690, 1
498, 1766, 1
1597, 1707, 2
1643, 464, 1
1087, 525, 1
864, 607, 1
1641, 841, 1
1266, 1775, 1
1385, 1342, 1
829, 1894, 1
788, 1747, 1
1562, 246, 1
1379, 445, 1
160, 845, 1
1307, 1448, 1
1907, 1678, 3
84, 1984, 1
1698, 708, 1
552, 751, 1
164, 434, 1
976, 1886, 3
266, 182, 1
570, 64, 1
1650, 389, 1
16, 1701, 1
1314, 1399, 1
1019, 60, 2
1310, 949, 1
259, 828, 1
680, 1574, 1
1573, 1560, 2
1093, 366, 1
1993, 1601, 1
1291, 1042, 2
1232, 1922, 1
246, 1819, 1
810, 849, 1
1058, 1640, 1
1041, 841, 2
378, 176, 1
1072, 991, 1
1751, 1011, 2
1938, 1588, 1
862, 515, 1
1163, 1045, 1
569, 1954, 1
1862, 721, 2
670, 1221, 1
762, 748, 1
178, 7, 1
24, 1050, 1
1773, 1128, 1
1438, 593, 1
1117, 1284, 2
1890, 63, 1
1264, 1417, 1
1841, 410, 1
659, 1754, 3
721, 256, 1
12, 1284, 2
861, 1656, 1
212, 1463, 1
924, 1085, 1
26, 883, 1
977, 1937, 1
260, 54, 1
1598, 215, 1
301, 663, 1
937, 82, 1
1458, 175, 1
1000, 1494, 1
586, 342, 1
1736, 127, 1
1123, 1209, 2
1285, 1929, 1
344, 1122, 1
720, 1255, 1
1416, 1158, 1
598, 53, 1
1402, 1831, 1
1073, 376, 1
574, 1801, 1
1874, 1863, 2
126, 1561, 1
824, 696, 1
39, 296, 1
323, 374, 1
1571, 153, 1
1358, 1056, 2
70, 1644, 1
513, 1341, 1
1103, 1900, 1
1852, 108, 1
1430, 1708, 1
324, 1333, 1
1591, 251, 1
1716, 533, 1
408, 549, 1
514, 787, 1
696, 854, 1
644, 999, 1
421, 773, 1
239, 896, 1
503, 1567, 2
1417, 1371, 1
1762, 423, 1
1691, 207, 1
47, 483, 1
1176, 224, 1
1911, 178, 1
835, 31, 1
1319, 1480, 1
613, 460, 1
1754, 490, 1
1866, 1150, 1
275, 197, 1
166, 995, 1
1965, 878, 2
1942, 1380, 1
1389, 507, 1
637, 359, 1
1473, 1885, 1
1441, 1169, 1
1860, 216, 1
748, 1460, 1
556, 450, 2
1846, 1131, 1
874, 1707, 1
1227, 809, 2
1362, 1031, 1
636, 479, 1
564, 1576, 1
576, 1943, 1
1381, 1766, 1
528, 1707, 1
790, 805, 1
1068, 1090, 1
1414, 638, 1
496, 554, 1
999, 302, 2
1012, 1795, 1
1393, 152, 1
1667, 1345, 2
412, 988, 1
1004, 1918, 1
1544, 57, 1
223, 546, 1
164, 701, 1
393, 628, 1
1740, 794, 1
417, 369, 1
161, 1178, 1
55, 1077, 1
1380, 783, 1
914, 636, 1
349, 847, 1
1040, 1437, 1
281, 702, 1
757, 564, 1
1735, 1734, 1
1524, 1927, 1
1095, 1153, 1
52, 1705, 1
591, 1394, 1
1080, 1444, 1
42, 1677, 1
1672, 250, 1
136, 1123, 1
76, 152, 1
59, 563, 1
1212, 94, 3
809, 369, 1
1806, 648, 1
1163, 63, 1
1072, 1582, 1
866, 703, 3
1901, 25, 1
1175, 1863, 1
1726, 1828, 1
1750, 987, 1
1439, 1698, 1
993, 1170, 1
1097, 676, 2
1724, 410, 1
1983, 1359, 1
802, 247, 1
1747, 99, 1
1064, 1121, 1
1889, 353, 1
1707, 415, 1
1963, 1686, 1
1537, 845, 1
1208, 619, 1
1756, 1096, 1
1459, 1974, 1
819, 490, 1
690, 1865, 1
1966, 877, 1
452, 1955, 1
1382, 328, 1
1013, 442, 1
1396, 189, 1
1033, 1173, 1
368, 463, 1
215, 734, 1
425, 766, 2
1843, 160, 2
480, 1958, 3
1748, 260, 1
1740, 1322, 1
49, 226, 1
980, 1566, 1
607, 64, 1
927, 1279, 1
1674, 297, 1
465, 170, 1
1466, 1628, 1
1722, 1808, 1
1878, 1719, 1
1733, 1877, 1
354, 289, 1
1879, 1463, 1
1455, 1143, 2
1861, 66, 1
650, 1267, 1
1016, 1700, 1
1481, 453, 1
1795, 359, 1
1981, 1460, 1
152, 899, 2
850, 1430, 1
487, 669, 1
337, 1944, 1
246, 1895, 1
812, 99, 1
797, 659, 1
1552, 1426, 1
1335, 171, 1
875, 770, 1
1082, 1337, 1
1263, 1170, 1
33, 600, 1
1108, 1877, 1
410, 1594, 1
834, 484, 1
504, 963, 2
992, 702, 1
583, 1512, 1
235, 662, 2
1030, 578, 1
47, 1100, 1
76, 1206, 1
1088, 1240, 2
1811, 1485, 1
1350, 1993, 2
1364, 1909, 1
212, 1098, 1
698, 1021, 1
189, 1327, 1
144, 495, 1
798, 1171, 1
977, 1093, 1
1793, 111, 1
1240, 1497, 1
1789, 1873, 1
878, 1710, 1
1265, 1143, 1
432, 534, 1
1312, 1426, 1
1747, 755, 2
168, 432, 1
119, 1984, 1
1304, 882, 1
136, 1145, 1
306, 970, 1
437, 1189, 1
1304, 469, 1
1663, 1356, 1
1366, 39, 2
149, 1248, 2
1695, 1689, 1
72, 977, 1
761, 1676, 1
224, 920, 1
1913, 1221, 1
608, 1606, 1
675, 917, 1
524, 1735, 1
580, 141, 1
599, 1387, 2
1261, 868, 1
1918, 610, 1
1213, 1685, 1
280, 1197, 1
449, 750, 1
1610, 1469, 3
1320, 1232, 1
1795, 976, 1
1042, 1940, 1
807, 1489, 1
1965, 1579, 1
1560, 941, 1
710, 1468, 1
220, 218, 1
1271, 1400, 2
1178, 1484, 1
1084, 1144, 1
536, 1698, 1
1160, 1629, 1
1343, 632, 1
124, 187, 2
1428, 542, 1
1547, 1353, 1
1199, 1460, 2
1592, 1667, 3
542, 226, 1
68, 1853, 1
167, 1450, 1
1939, 1229, 1
180, 1056, 1
1657, 816, 1
1925, 805, 1
20, 1764, 1
1299, 1989, 1
74, 371, 1
1151, 586, 1
998, 1826, 1
1529, 88, 2
1175, 1753, 1
573, 1859, 1
979, 952, 1
1170, 1457, 1
816, 555, 1
1455, 1307, 1
459, 1044, 1
690, 1655, 1
805, 840, 1
1169, 935, 1
122, 78, 1
1974, 109, 1
1626, 762, 1
918, 1808, 1
1200, 746, 1
1393, 968, 2
22, 826, 2
944, 1569, 1
1734, 853, 1
468, 128, 1
941, 38, 3
476, 1992, 1
1092, 186, 1
1678, 772, 1
490, 1046, 1
1391, 1430, 1
101, 1012, 1
1896, 748, 2
528, 1731, 1
605, 1284, 1
18, 165, 1
846, 430, 1
774, 1844, 1
1468, 1621, 1
1687, 22, 1
1249, 621, 1
1263, 1940, 1
870, 1892, 1
584, 9, 1
140, 1615, 1
1070, 1751, 1
139, 402, 1
288, 798, 2
1207, 215, 1
1117, 1716, 1
467, 1672, 3
826, 197, 1
539, 397, 2
353, 538, 1
1010, 711, 2
1274, 1690, 1
1376, 1944, 1
1776, 1592, 1
1177, 1365, 1
242, 1277, 1
134, 1887, 1
855, 1359, 1
116, 336, 1
788, 157, 1
691, 1731, 1
672, 33, 2
826, 1017, 1
616, 1283, 1
587, 562, 1
795, 1261, 1
162, 249, 1
751, 1038, 2
270, 981, 1
330, 1334, 1
74, 155, 1
1451, 1407, 1
1634, 131, 1
31, 1632, 1
355, 72, 1
1414, 1137, 1
650, 1302, 1
1333, 1199, 1
1239, 1594, 1
