strategy,scenario_id,drone_capacity,no_customers,no_steps,drone_travel_distance,utilization
farthest_package_first,0,1,50,2605,59670.05553952978,0.382213691618682
farthest_package_first,1,1,50,2721,59463.87562301151,0.36432684062232024
farthest_package_first,2,1,50,2298,64210.53960012714,0.4653321729039745
farthest_package_first,3,1,50,2438,71287.54047598706,0.48742138364779874
farthest_package_first,4,1,50,2448,67863.67683375586,0.4614651416122004
farthest_package_first,5,1,50,2895,67456.26385362339,0.38837075417386296
farthest_package_first,6,1,50,2255,62140.43265530435,0.45964523281596453
farthest_package_first,7,1,50,2622,62153.770948021694,0.3946097126875159
farthest_package_first,8,1,50,2165,54045.58135760235,0.41585835257890685
farthest_package_first,9,1,50,2428,57147.225786450246,0.39195496979681493
farthest_package_first,10,1,100,4345,120388.57543467676,0.4619102416570771
farthest_package_first,11,1,100,4681,126111.38358346648,0.4493341878515987
farthest_package_first,12,1,100,4717,134005.44872498413,0.47293477492756697
farthest_package_first,13,1,100,4555,120464.90350901274,0.44083424807903404
farthest_package_first,14,1,100,4613,122579.23744905321,0.44280656116771444
farthest_package_first,15,1,100,4991,135706.19794826448,0.4535831162759634
farthest_package_first,16,1,100,5100,122709.30424534678,0.400718954248366
farthest_package_first,17,1,100,4749,131714.45090875519,0.4623078542851127
farthest_package_first,18,1,100,4843,123131.06340908358,0.4239796269529906
farthest_package_first,19,1,100,4830,129128.30858040208,0.44547964113181504
farthest_package_first,20,1,200,8281,172985.5787746683,0.34812623274161736
farthest_package_first,21,1,200,8673,170386.1092716515,0.3274337983781083
farthest_package_first,22,1,200,7660,161090.77579458713,0.35060922541340295
farthest_package_first,23,1,200,7631,173242.75343297017,0.37830341152317304
farthest_package_first,24,1,200,8337,174277.424370179,0.34822678021670467
farthest_package_first,25,1,200,7787,173294.03313518013,0.3710029536406832
farthest_package_first,26,1,200,7509,161939.0218979809,0.35936875749101077
farthest_package_first,27,1,200,7625,168657.47178240833,0.36878688524590164
farthest_package_first,28,1,200,7484,170834.4993977207,0.3800552289328345
farthest_package_first,29,1,200,7597,168616.9898867912,0.370233864244658
farthest_package_first,30,1,500,15376,249809.2860541627,0.27082249392993407
farthest_package_first,31,1,500,15724,258593.00248744394,0.2740502840668193
farthest_package_first,32,1,500,16777,270869.47547191894,0.26922771254296557
farthest_package_first,33,1,500,16692,264298.33183982095,0.2637790558351306
farthest_package_first,34,1,500,17045,260785.86916839198,0.255109025129559
farthest_package_first,35,1,500,16366,254266.97505152028,0.2590940567843904
farthest_package_first,36,1,500,16288,261236.3388218339,0.26734405697445973
farthest_package_first,37,1,500,16286,251515.23924318427,0.25715338327397763
farthest_package_first,38,1,500,16327,257010.16496795224,0.2623568322410731
farthest_package_first,39,1,500,16334,262965.35229647823,0.2682849679604914
farthest_package_first,0,2,50,2226,36036.78768793203,0.2709643605870021
farthest_package_first,1,2,50,2177,35486.46075596269,0.2726994334711377
farthest_package_first,2,2,50,1856,36703.419387366055,0.33054956896551724
farthest_package_first,3,2,50,1946,42151.823910935884,0.3617677286742035
farthest_package_first,4,2,50,1931,39989.419655148165,0.34593474883480063
farthest_package_first,5,2,50,2209,38579.18904100972,0.2920627735023389
farthest_package_first,6,2,50,1703,36427.06451985135,0.357799960853396
farthest_package_first,7,2,50,1938,36474.568368794135,0.31449948400412797
farthest_package_first,8,2,50,1788,32013.000456128633,0.29968307233407904
farthest_package_first,9,2,50,1948,34209.03016253493,0.29354893908282
farthest_package_first,10,2,100,3597,68814.22307191952,0.3201742192567881
farthest_package_first,11,2,100,3548,70995.25847745792,0.3349774520856821
farthest_package_first,12,2,100,3564,74590.55630747454,0.3497007108118219
farthest_package_first,13,2,100,3536,68381.59423164558,0.3236236802413273
farthest_package_first,14,2,100,3528,68550.73342546102,0.3250188964474679
farthest_package_first,15,2,100,3743,75130.4348944828,0.33596045952444564
farthest_package_first,16,2,100,3809,67917.2897253102,0.2979347160234532
farthest_package_first,17,2,100,3693,73995.25337843173,0.3351385504106869
farthest_package_first,18,2,100,3742,69082.53675116277,0.3089257081774452
farthest_package_first,19,2,100,3666,71971.50225110594,0.32833242407710495
farthest_package_first,20,2,200,6353,96324.65975334475,0.2538957972611365
farthest_package_first,21,2,200,7015,95882.14557062875,0.22896174863387977
farthest_package_first,22,2,200,6201,90899.30005053006,0.2457936891899156
farthest_package_first,23,2,200,6213,98263.17156514326,0.2647674231450185
farthest_package_first,24,2,200,6548,97388.3628785458,0.249083689676237
farthest_package_first,25,2,200,6168,97918.98653173132,0.2660235624729788
farthest_package_first,26,2,200,6004,92442.19236105333,0.25785587386186987
farthest_package_first,27,2,200,6218,95885.86459183252,0.2584968371394875
farthest_package_first,28,2,200,6131,95787.76385021594,0.26164845321589736
farthest_package_first,29,2,200,6000,95572.97251554043,0.26705555555555555
farthest_package_first,30,2,500,13508,142605.6805035815,0.17753676833481394
farthest_package_first,31,2,500,13517,146047.57123716088,0.18159848092525463
farthest_package_first,32,2,500,14390,152798.3287987953,0.1784456798702803
farthest_package_first,33,2,500,14257,148637.0173825606,0.17523555680250638
farthest_package_first,34,2,500,14443,146846.40956566282,0.17095940363267095
farthest_package_first,35,2,500,14165,143815.68524445908,0.17080833039181081
farthest_package_first,36,2,500,13748,147729.42733479504,0.18057171952283968
farthest_package_first,37,2,500,14105,142580.15280188268,0.16978612785064398
farthest_package_first,38,2,500,14037,145214.03961420176,0.17388568307568095
farthest_package_first,39,2,500,14042,148694.27276255368,0.17806105493044674
farthest_package_first,0,3,50,2049,28025.08552148553,0.22938018545632016
farthest_package_first,1,3,50,2003,26686.65317436291,0.2235812947245798
farthest_package_first,2,3,50,1698,28566.140737240385,0.28150765606595995
farthest_package_first,3,3,50,1660,32962.91143400619,0.3326305220883534
farthest_package_first,4,3,50,1614,29872.281920907077,0.3097893432465923
farthest_package_first,5,3,50,2113,31487.085171879084,0.24996056160277647
farthest_package_first,6,3,50,1637,27562.812080991593,0.2826308287517817
farthest_package_first,7,3,50,1812,27750.00263305482,0.2561626195732156
farthest_package_first,8,3,50,1532,24392.018913670865,0.26708006962576153
farthest_package_first,9,3,50,1948,25925.331672380777,0.22304928131416837
farthest_package_first,10,3,100,3414,50083.78479831911,0.24619214997070885
farthest_package_first,11,3,100,3377,52006.27943260464,0.25846412002763797
farthest_package_first,12,3,100,3206,55646.506134521784,0.29075691411935956
farthest_package_first,13,3,100,3315,51262.10692938713,0.2595274007038713
farthest_package_first,14,3,100,3246,51613.2112021224,0.266738550010269
farthest_package_first,15,3,100,3391,55640.28240469671,0.2751400766735476
farthest_package_first,16,3,100,3561,52141.023667632726,0.24520265842928016
farthest_package_first,17,3,100,3323,54091.70722693477,0.2730464439763266
farthest_package_first,18,3,100,3231,51101.786947947716,0.2653977096874033
farthest_package_first,19,3,100,3376,54155.847243370226,0.26900671406003157
farthest_package_first,20,3,200,6160,73046.79393791413,0.19945887445887445
farthest_package_first,21,3,200,6293,71740.64180453296,0.1916150219820965
farthest_package_first,22,3,200,5684,67736.31145180813,0.20062162796152944
farthest_package_first,23,3,200,5985,73330.25076281681,0.20584795321637428
farthest_package_first,24,3,200,5998,74084.62418834085,0.2077081249305324
farthest_package_first,25,3,200,5853,73988.81316983447,0.21259752833304857
farthest_package_first,26,3,200,5559,68010.78028671029,0.20582239011812675
farthest_package_first,27,3,200,5801,70497.95222949375,0.20464862380049417
farthest_package_first,28,3,200,5604,71658.20532791673,0.2148762788484416
farthest_package_first,29,3,200,5591,69959.06003464837,0.21069576104453586
farthest_package_first,30,3,500,12964,107501.9844700951,0.14032448832664815
farthest_package_first,31,3,500,12687,110263.46312152421,0.14710596148288274
farthest_package_first,32,3,500,13704,114176.13608427269,0.14099289745086593
farthest_package_first,33,3,500,13420,111792.53996422628,0.14087183308494783
farthest_package_first,34,3,500,13864,111267.06967265978,0.13572321600307752
farthest_package_first,35,3,500,13306,108096.97014265592,0.1376446715767323
farthest_package_first,36,3,500,13282,110663.07908983021,0.14093008081112282
farthest_package_first,37,3,500,13255,107946.30474033987,0.1377719099710801
farthest_package_first,38,3,500,13007,109610.92976427212,0.14264114194920685
farthest_package_first,39,3,500,13077,110174.32801958051,0.14252759297494327
closest_package_first,0,1,50,2659,59670.055539529785,0.3744515482010781
closest_package_first,1,1,50,2781,59463.87562301154,0.35646649886132087
closest_package_first,2,1,50,2356,64210.53960012714,0.4538766270514997
closest_package_first,3,1,50,2502,71287.54047598701,0.47495337063682386
closest_package_first,4,1,50,2524,67863.67683375583,0.4475699947173798
closest_package_first,5,1,50,2949,67456.26385362336,0.3812591839041483
closest_package_first,6,1,50,2303,62140.432655304336,0.4500651324359531
closest_package_first,7,1,50,2692,62153.77094802168,0.3843486874690441
closest_package_first,8,1,50,2233,54045.58135760235,0.4031945066427825
closest_package_first,9,1,50,2494,57147.22578645023,0.3815824645816627
closest_package_first,10,1,100,4411,120388.57543467678,0.45499886647018817
closest_package_first,11,1,100,4729,126111.3835834665,0.44477338408402056
closest_package_first,12,1,100,4805,134005.44872498413,0.4642733263961152
closest_package_first,13,1,100,4611,120464.90350901274,0.43548037302103665
closest_package_first,14,1,100,4699,122579.23744905315,0.43470241895438744
closest_package_first,15,1,100,5047,135706.19794826445,0.44855029390396933
closest_package_first,16,1,100,5164,122709.30424534676,0.39575264652723985
closest_package_first,17,1,100,4825,131714.4509087552,0.4550259067357513
closest_package_first,18,1,100,4917,123131.06340908355,0.41759880686055184
closest_package_first,19,1,100,4908,129128.30858040207,0.4383998913338767
closest_package_first,20,1,200,8379,172985.57877466833,0.34405458089668617
closest_package_first,21,1,200,8749,170386.10927165148,0.32458947689259726
closest_package_first,22,1,200,7734,161090.77579458713,0.34725454702180847
closest_package_first,23,1,200,7707,173242.75343297014,0.37457289909605984
closest_package_first,24,1,200,8429,174277.424370179,0.3444259896389449
closest_package_first,25,1,200,7867,173294.03313518016,0.36723020211008006
closest_package_first,26,1,200,7577,161939.0218979809,0.35614359245083804
closest_package_first,27,1,200,7691,168657.47178240828,0.36562215576648033
closest_package_first,28,1,200,7578,170834.49939772068,0.3753408990938682
closest_package_first,29,1,200,7693,168616.98988679118,0.3656137614281381
closest_package_first,30,1,500,15508,249809.2860541627,0.26851732439171183
closest_package_first,31,1,500,15836,258593.00248744397,0.2721120653363644
closest_package_first,32,1,500,16897,270869.47547191894,0.2673156970665404
closest_package_first,33,1,500,16822,264298.3318398209,0.2617405778147664
closest_package_first,34,1,500,17169,260785.86916839203,0.2532665462946784
closest_package_first,35,1,500,16510,254266.97505152016,0.256834241873612
closest_package_first,36,1,500,16434,261236.3388218339,0.2649689667761957
closest_package_first,37,1,500,16410,251515.23924318436,0.2552102376599634
closest_package_first,38,1,500,16467,257010.1649679523,0.26012631323252566
closest_package_first,39,1,500,16458,262965.35229647823,0.26626362052902336
closest_package_first,0,2,50,2172,38150.47615647576,0.29381522406384286
closest_package_first,1,2,50,2284,37343.70866421647,0.27335084646818447
closest_package_first,2,2,50,2050,39041.57768824701,0.3180487804878049
closest_package_first,3,2,50,1941,42361.19482727545,0.365103898334192
closest_package_first,4,2,50,2133,43406.70028386994,0.3397405844663229
closest_package_first,5,2,50,2376,41168.491373542616,0.2900533108866442
closest_package_first,6,2,50,2015,41696.984035309266,0.34615384615384615
closest_package_first,7,2,50,2168,39914.404288998114,0.307579950799508
closest_package_first,8,2,50,1818,32028.19324781293,0.29473780711404474
closest_package_first,9,2,50,1948,34538.75791913141,0.29637234770704995
closest_package_first,10,2,100,3593,70876.08913895267,0.3299007329065776
closest_package_first,11,2,100,3729,76115.1573727485,0.34160185930097436
closest_package_first,12,2,100,4014,77654.93043295805,0.3231606045507391
closest_package_first,13,2,100,3751,70867.44645301612,0.3160490535857105
closest_package_first,14,2,100,3577,72899.7228872212,0.3408815581026931
closest_package_first,15,2,100,3641,77249.90896122398,0.35507644420031126
closest_package_first,16,2,100,3996,71487.0043919624,0.2989239239239239
closest_package_first,17,2,100,3581,76224.27842447066,0.3559061714604859
closest_package_first,18,2,100,3932,72568.31418132514,0.30891827738216343
closest_package_first,19,2,100,3825,75348.35403580563,0.32941176470588235
closest_package_first,20,2,200,6590,100271.35666430049,0.25483055134041477
closest_package_first,21,2,200,7094,100528.83297308501,0.2373367164740156
closest_package_first,22,2,200,6161,93867.0565182635,0.25534274738949303
closest_package_first,23,2,200,6283,100803.82801832452,0.26850230781473816
closest_package_first,24,2,200,6836,101279.51243396864,0.24817144528964308
closest_package_first,25,2,200,6403,102517.35390139018,0.2682596699463793
closest_package_first,26,2,200,6143,96246.79143554425,0.26246676433881383
closest_package_first,27,2,200,6260,99753.69851751458,0.26706602768903087
closest_package_first,28,2,200,6294,99086.6903395782,0.2636108463086537
closest_package_first,29,2,200,6165,99450.02098892201,0.27042443903757774
closest_package_first,30,2,500,13744,149593.4091902537,0.1829161816065192
closest_package_first,31,2,500,13759,151947.44402400518,0.18545436926133196
closest_package_first,32,2,500,14404,159150.55329096277,0.1856891604184023
closest_package_first,33,2,500,14579,153257.9959041157,0.1765781832315888
closest_package_first,34,2,500,14492,155197.84277554412,0.1800073603827399
closest_package_first,35,2,500,14695,149399.80476435844,0.1710218895315867
closest_package_first,36,2,500,14041,153200.46078343733,0.18337962633240748
closest_package_first,37,2,500,14251,148497.52174713145,0.1749117021027764
closest_package_first,38,2,500,14043,150420.98615228926,0.18004225118089676
closest_package_first,39,2,500,14194,154358.64461146545,0.18275327603212624
closest_package_first,0,3,50,2090,28501.164471598437,0.22870813397129186
closest_package_first,1,3,50,2068,27536.42686371543,0.2231624758220503
closest_package_first,2,3,50,2010,30521.40797854633,0.25406301824212274
closest_package_first,3,3,50,1766,36474.33346769273,0.34550773876934693
closest_package_first,4,3,50,1922,32199.328343133522,0.28017689906347554
closest_package_first,5,3,50,2176,33337.49415612358,0.25674019607843135
closest_package_first,6,3,50,1773,29011.5889169753,0.27439368302312467
closest_package_first,7,3,50,1741,28651.171580970367,0.2753206969174804
closest_package_first,8,3,50,1673,27686.621999818966,0.27714684200039846
closest_package_first,9,3,50,1910,28204.95177098988,0.24738219895287958
closest_package_first,10,3,100,3481,56172.62959837176,0.27061189313415684
closest_package_first,11,3,100,3410,57968.24313155954,0.28514173998044967
closest_package_first,12,3,100,3348,58519.609985611736,0.29291119076065314
closest_package_first,13,3,100,3595,52677.94670437078,0.24543347241539173
closest_package_first,14,3,100,3252,55813.31579672874,0.2878228782287823
closest_package_first,15,3,100,3473,57702.97580096561,0.2786255878683175
closest_package_first,16,3,100,3971,54824.436765958795,0.2311760261898766
closest_package_first,17,3,100,3618,59227.08580997266,0.2744610281923715
closest_package_first,18,3,100,3375,53834.693991574684,0.2676049382716049
closest_package_first,19,3,100,3292,57039.36231088312,0.29050222762251926
closest_package_first,20,3,200,6120,77499.97519705346,0.21290849673202614
closest_package_first,21,3,200,6324,77651.17466672401,0.20651486401012017
closest_package_first,22,3,200,6193,72893.57544405834,0.19812691748748587
closest_package_first,23,3,200,6037,75849.41025821777,0.21117000717795814
closest_package_first,24,3,200,6146,77493.4883458194,0.2119264562316954
closest_package_first,25,3,200,5999,79203.45068740407,0.22198144135133632
closest_package_first,26,3,200,5545,69927.84770527025,0.2120228434024647
closest_package_first,27,3,200,5958,74374.39426219897,0.2100537092984223
closest_package_first,28,3,200,5812,75304.394303103,0.21762445515026382
closest_package_first,29,3,200,5788,75602.89990281995,0.2199090071412117
closest_package_first,30,3,500,12905,112876.63417905368,0.14794007490636704
closest_package_first,31,3,500,13137,117193.17061246771,0.15080815000888076
closest_package_first,32,3,500,13449,121003.15657835072,0.15206830743301855
closest_package_first,33,3,500,13656,117205.14779263386,0.14518648701425502
closest_package_first,34,3,500,14006,117140.15743916208,0.14149888143176734
closest_package_first,35,3,500,13822,113561.69244533364,0.13898133410504993
closest_package_first,36,3,500,13491,116041.9333109724,0.14547970251772788
closest_package_first,37,3,500,13141,113507.73672829213,0.1458666260812216
closest_package_first,38,3,500,13240,114900.13942596149,0.14677744209466265
closest_package_first,39,3,500,13472,118335.53060535187,0.14849317102137768
most_packages_first,0,1,50,2765,59670.05553952979,0.36009644364074744
most_packages_first,1,1,50,2791,59463.87562301154,0.3551892989370596
most_packages_first,2,1,50,2422,64210.53960012713,0.4415083952656207
most_packages_first,3,1,50,2446,71287.54047598703,0.48582720087217224
most_packages_first,4,1,50,2504,67863.67683375583,0.45114483493077745
most_packages_first,5,1,50,2895,67456.26385362336,0.38837075417386296
most_packages_first,6,1,50,2321,62140.43265530432,0.44657475226195603
most_packages_first,7,1,50,2642,62153.77094802165,0.3916225082008579
most_packages_first,8,1,50,2159,54045.58135760237,0.41701404971437395
most_packages_first,9,1,50,2478,57147.225786450246,0.38404627387678236
most_packages_first,10,1,100,4411,120388.57543467676,0.45499886647018817
most_packages_first,11,1,100,4674,126111.3835834665,0.45000713165026385
most_packages_first,12,1,100,4769,134005.44872498413,0.4677780107639617
most_packages_first,13,1,100,4630,120464.90350901273,0.43369330453563715
most_packages_first,14,1,100,4614,122579.23744905315,0.4427105909550643
most_packages_first,15,1,100,5070,135706.19794826445,0.4465154503616042
most_packages_first,16,1,100,5230,122709.30424534676,0.3907584448693435
most_packages_first,17,1,100,4816,131714.45090875519,0.45587624584717606
most_packages_first,18,1,100,4895,123131.06340908352,0.41947565543071164
most_packages_first,19,1,100,4868,129128.30858040207,0.4420021911804985
most_packages_first,20,1,200,8264,172985.57877466833,0.34884236850596967
most_packages_first,21,1,200,8629,170386.10927165148,0.3291034109784834
most_packages_first,22,1,200,7764,161090.77579458716,0.34591275974583546
most_packages_first,23,1,200,7780,173242.75343297014,0.37105826906598116
most_packages_first,24,1,200,8385,174277.424370179,0.3462333532100974
most_packages_first,25,1,200,7814,173294.0331351801,0.36972101356539544
most_packages_first,26,1,200,7480,161939.0218979809,0.3607620320855615
most_packages_first,27,1,200,7752,168657.47178240828,0.3627450980392157
most_packages_first,28,1,200,7562,170834.4993977207,0.3761350612712686
most_packages_first,29,1,200,7653,168616.9898867912,0.3675247179755216
most_packages_first,30,1,500,15554,249809.28605416266,0.26772320089151774
most_packages_first,31,1,500,15788,258593.002487444,0.27293936322945694
most_packages_first,32,1,500,16754,270869.47547191894,0.2695973100951017
most_packages_first,33,1,500,16811,264298.33183982095,0.26191184343584556
most_packages_first,34,1,500,17181,260785.86916839203,0.2530896532991871
most_packages_first,35,1,500,16606,254266.97505152016,0.2553494720783652
most_packages_first,36,1,500,16468,261236.3388218339,0.26442190915715325
most_packages_first,37,1,500,16447,251515.2392431844,0.2546361038487262
most_packages_first,38,1,500,16446,257010.16496795233,0.260458470144716
most_packages_first,39,1,500,16409,262965.3522964783,0.26705872793385743
most_packages_first,0,2,50,2098,35578.111874205075,0.28376231331426754
most_packages_first,1,2,50,2207,36282.16280184691,0.2748074309016765
most_packages_first,2,2,50,1858,38103.29698967222,0.34248295658414063
most_packages_first,3,2,50,1972,42688.35175302594,0.36173089925625423
most_packages_first,4,2,50,1894,41747.12936645125,0.3679162266807462
most_packages_first,5,2,50,2186,38915.57494555838,0.297804208600183
most_packages_first,6,2,50,1744,38438.875717771305,0.36869266055045874
most_packages_first,7,2,50,2032,36276.90021380901,0.2981463254593176
most_packages_first,8,2,50,1794,31560.56502250805,0.29431438127090304
most_packages_first,9,2,50,2173,35814.50762455183,0.2754256787850897
most_packages_first,10,2,100,3444,69823.67711956674,0.3389469608981804
most_packages_first,11,2,100,3664,73854.3099812606,0.33719978165938863
most_packages_first,12,2,100,3635,75820.83000047406,0.34832645575424115
most_packages_first,13,2,100,3510,68482.2925912319,0.3263532763532764
most_packages_first,14,2,100,3387,68982.26124210995,0.3406652888495227
most_packages_first,15,2,100,3587,75243.57820822466,0.3508967568069882
most_packages_first,16,2,100,3874,69536.1650877442,0.29981930820856995
most_packages_first,17,2,100,3607,75578.25791330743,0.3504297199889104
most_packages_first,18,2,100,3671,70994.67773842547,0.32343593934441117
most_packages_first,19,2,100,3707,72223.80226673417,0.32578005575038216
most_packages_first,20,2,200,6341,97815.32470884647,0.25829259317668085
most_packages_first,21,2,200,6773,96753.23082938432,0.2391849992617747
most_packages_first,22,2,200,6067,92934.5807927088,0.2565793088291852
most_packages_first,23,2,200,6149,99278.70675764448,0.27031495636146796
most_packages_first,24,2,200,6448,98867.35788218107,0.2566687344913151
most_packages_first,25,2,200,6275,99280.93946783713,0.2650730411686587
most_packages_first,26,2,200,5905,91970.7906889272,0.26082416031611627
most_packages_first,27,2,200,6068,97227.89363586862,0.26845748187211604
most_packages_first,28,2,200,6038,97641.6863723321,0.2706746163188694
most_packages_first,29,2,200,5967,97792.6093247167,0.2745935981230099
most_packages_first,30,2,500,13288,144654.91790938054,0.18289684928757777
most_packages_first,31,2,500,13431,149628.37144925134,0.18707964162509616
most_packages_first,32,2,500,13974,154271.70701802685,0.1853919183245074
most_packages_first,33,2,500,13989,150427.30044258194,0.1805585340863059
most_packages_first,34,2,500,14194,150555.09419157635,0.17824432858954486
most_packages_first,35,2,500,13930,147159.9529426871,0.17755443886097153
most_packages_first,36,2,500,13496,150963.37121837618,0.1879198774945663
most_packages_first,37,2,500,13593,145513.52353848345,0.179639029892837
most_packages_first,38,2,500,13769,148152.25707031612,0.1807926017382042
most_packages_first,39,2,500,13694,150749.56047560083,0.18493500803271506
most_packages_first,0,3,50,2173,28909.11388253117,0.22334713913176868
most_packages_first,1,3,50,1954,28203.522195669342,0.2418116683725691
most_packages_first,2,3,50,1884,28957.84214758718,0.25743099787685775
most_packages_first,3,3,50,1686,35145.64731089311,0.34905100830367736
most_packages_first,4,3,50,1771,31560.044120280516,0.2982307547524939
most_packages_first,5,3,50,1981,31213.325095009237,0.26417634191485784
most_packages_first,6,3,50,1703,30053.73277272193,0.2958504599725974
most_packages_first,7,3,50,1725,30532.30994257825,0.296231884057971
most_packages_first,8,3,50,1649,25357.268452035292,0.25793410147564183
most_packages_first,9,3,50,2137,28419.558235239205,0.22297613476836686
most_packages_first,10,3,100,3416,52236.696726430535,0.2565866510538642
most_packages_first,11,3,100,3299,55133.06508422674,0.28033747600282916
most_packages_first,12,3,100,3278,57465.654213379894,0.2937258490949766
most_packages_first,13,3,100,3371,52901.00984478863,0.2634233165232869
most_packages_first,14,3,100,3445,53867.55692451952,0.2622641509433962
most_packages_first,15,3,100,3496,57732.33289093051,0.277126239511823
most_packages_first,16,3,100,3790,53065.259784917005,0.23447669305189095
most_packages_first,17,3,100,3358,56531.86958945015,0.28221163390907283
most_packages_first,18,3,100,3251,52331.24905216424,0.2700194811852763
most_packages_first,19,3,100,3463,56006.09949269868,0.2712003080180961
most_packages_first,20,3,200,6127,75508.97029298525,0.20714324574288667
most_packages_first,21,3,200,6515,73624.37709111418,0.18992069583013557
most_packages_first,22,3,200,5991,71793.40137579502,0.2014688699716241
most_packages_first,23,3,200,5943,75333.56747336198,0.21288350440293904
most_packages_first,24,3,200,6000,75266.8604835528,0.21091666666666667
most_packages_first,25,3,200,5730,77140.60114735825,0.2261198371146015
most_packages_first,26,3,200,5686,70629.74747655519,0.20875835385156524
most_packages_first,27,3,200,5930,72664.17327281574,0.20615514333895446
most_packages_first,28,3,200,5761,74778.19982778908,0.21798877509691605
most_packages_first,29,3,200,5630,73398.26235199359,0.21950858496151568
most_packages_first,30,3,500,12894,111733.5835097261,0.14648932319942093
most_packages_first,31,3,500,12864,115079.41074246817,0.15121009535655058
most_packages_first,32,3,500,13426,118482.26784896474,0.1490515914394955
most_packages_first,33,3,500,13425,113980.9218999603,0.14350093109869647
most_packages_first,34,3,500,13918,114547.72767390356,0.13920821957177756
most_packages_first,35,3,500,13336,112758.98531899115,0.14310887822435514
most_packages_first,36,3,500,13489,115692.12469985119,0.14496997553562163
most_packages_first,37,3,500,13026,110475.67187571983,0.14316239316239315
most_packages_first,38,3,500,12714,112829.08978370916,0.14997902574589692
most_packages_first,39,3,500,12970,115611.72973559261,0.15078386019018247
farthest_package_first_MPA,0,1,50,2605,59670.05553952978,0.382213691618682
farthest_package_first_MPA,1,1,50,2721,59463.87562301151,0.36432684062232024
farthest_package_first_MPA,2,1,50,2298,64210.53960012714,0.4653321729039745
farthest_package_first_MPA,3,1,50,2438,71287.54047598706,0.48742138364779874
farthest_package_first_MPA,4,1,50,2448,67863.67683375586,0.4614651416122004
farthest_package_first_MPA,5,1,50,2895,67456.26385362339,0.38837075417386296
farthest_package_first_MPA,6,1,50,2255,62140.43265530435,0.45964523281596453
farthest_package_first_MPA,7,1,50,2622,62153.770948021694,0.3946097126875159
farthest_package_first_MPA,8,1,50,2165,54045.58135760235,0.41585835257890685
farthest_package_first_MPA,9,1,50,2428,57147.225786450246,0.39195496979681493
farthest_package_first_MPA,10,1,100,4345,120388.57543467676,0.4619102416570771
farthest_package_first_MPA,11,1,100,4681,126111.38358346648,0.4493341878515987
farthest_package_first_MPA,12,1,100,4717,134005.44872498413,0.47293477492756697
farthest_package_first_MPA,13,1,100,4555,120464.90350901274,0.44083424807903404
farthest_package_first_MPA,14,1,100,4613,122579.23744905321,0.44280656116771444
farthest_package_first_MPA,15,1,100,4991,135706.19794826448,0.4535831162759634
farthest_package_first_MPA,16,1,100,5100,122709.30424534678,0.400718954248366
farthest_package_first_MPA,17,1,100,4749,131714.45090875519,0.4623078542851127
farthest_package_first_MPA,18,1,100,4843,123131.06340908358,0.4239796269529906
farthest_package_first_MPA,19,1,100,4830,129128.30858040208,0.44547964113181504
farthest_package_first_MPA,20,1,200,8281,172985.5787746683,0.34812623274161736
farthest_package_first_MPA,21,1,200,8673,170386.1092716515,0.3274337983781083
farthest_package_first_MPA,22,1,200,7660,161090.77579458713,0.35060922541340295
farthest_package_first_MPA,23,1,200,7631,173242.75343297017,0.37830341152317304
farthest_package_first_MPA,24,1,200,8337,174277.424370179,0.34822678021670467
farthest_package_first_MPA,25,1,200,7787,173294.03313518013,0.3710029536406832
farthest_package_first_MPA,26,1,200,7509,161939.0218979809,0.35936875749101077
farthest_package_first_MPA,27,1,200,7625,168657.47178240833,0.36878688524590164
farthest_package_first_MPA,28,1,200,7484,170834.4993977207,0.3800552289328345
farthest_package_first_MPA,29,1,200,7597,168616.9898867912,0.370233864244658
farthest_package_first_MPA,30,1,500,15376,249809.2860541627,0.27082249392993407
farthest_package_first_MPA,31,1,500,15724,258593.00248744394,0.2740502840668193
farthest_package_first_MPA,32,1,500,16777,270869.47547191894,0.26922771254296557
farthest_package_first_MPA,33,1,500,16692,264298.33183982095,0.2637790558351306
farthest_package_first_MPA,34,1,500,17045,260785.86916839198,0.255109025129559
farthest_package_first_MPA,35,1,500,16366,254266.97505152028,0.2590940567843904
farthest_package_first_MPA,36,1,500,16288,261236.3388218339,0.26734405697445973
farthest_package_first_MPA,37,1,500,16286,251515.23924318427,0.25715338327397763
farthest_package_first_MPA,38,1,500,16327,257010.16496795224,0.2623568322410731
farthest_package_first_MPA,39,1,500,16334,262965.35229647823,0.2682849679604914
farthest_package_first_MPA,0,2,50,2227,36409.52235773036,0.2736865738661877
farthest_package_first_MPA,1,2,50,2263,37555.025983209096,0.2774340845485344
farthest_package_first_MPA,2,2,50,1958,42198.56413263905,0.3602315287708546
farthest_package_first_MPA,3,2,50,1985,44661.58115935509,0.3760705289672544
farthest_package_first_MPA,4,2,50,2046,43910.10677882537,0.3586673183447377
farthest_package_first_MPA,5,2,50,2326,43627.33006189583,0.31362854686156494
farthest_package_first_MPA,6,2,50,1878,38077.46543498924,0.33945686900958466
farthest_package_first_MPA,7,2,50,2199,41763.78450370535,0.3171896316507503
farthest_package_first_MPA,8,2,50,1780,32906.55581490668,0.30926966292134833
farthest_package_first_MPA,9,2,50,2007,35240.96086541132,0.29347284504235177
farthest_package_first_MPA,10,2,100,3616,70777.56600624108,0.3274336283185841
farthest_package_first_MPA,11,2,100,3781,75401.41634343764,0.3339504540245085
farthest_package_first_MPA,12,2,100,3800,80277.68571677053,0.3529824561403509
farthest_package_first_MPA,13,2,100,3692,71345.86866204966,0.32340195016251355
farthest_package_first_MPA,14,2,100,3721,72248.904768003,0.3249126578876646
farthest_package_first_MPA,15,2,100,4127,85793.29397826364,0.34791212341490996
farthest_package_first_MPA,16,2,100,4097,73545.90272755355,0.30001627206899356
farthest_package_first_MPA,17,2,100,3768,79084.51187296612,0.35120311394196746
farthest_package_first_MPA,18,2,100,3931,73548.05825959839,0.3131094717205122
farthest_package_first_MPA,19,2,100,3826,73939.0395199261,0.3233141662310507
farthest_package_first_MPA,20,2,200,7008,104755.89332559302,0.250404299847793
farthest_package_first_MPA,21,2,200,7325,103044.18311657585,0.23563139931740615
farthest_package_first_MPA,22,2,200,6532,96435.19348689614,0.24760155133700756
farthest_package_first_MPA,23,2,200,6565,103914.62756837849,0.2651180502665651
farthest_package_first_MPA,24,2,200,7101,104253.27012382394,0.2458808618504436
farthest_package_first_MPA,25,2,200,6597,103746.9366619995,0.26352887676216463
farthest_package_first_MPA,26,2,200,6362,98350.0315486964,0.25901184114010267
farthest_package_first_MPA,27,2,200,6491,101005.89998517631,0.26084835413136137
farthest_package_first_MPA,28,2,200,6286,100456.2553731698,0.2676317743132888
farthest_package_first_MPA,29,2,200,6481,100841.29593590126,0.26091652522758835
farthest_package_first_MPA,30,2,500,13895,149808.1308297958,0.1812042701211467
farthest_package_first_MPA,31,2,500,13999,152744.9796513733,0.18344167440531467
farthest_package_first_MPA,32,2,500,15119,164393.70275910644,0.1827722292038715
farthest_package_first_MPA,33,2,500,14871,159172.24398114393,0.1799251339295721
farthest_package_first_MPA,34,2,500,15244,155218.1012105959,0.1712477040146943
farthest_package_first_MPA,35,2,500,14570,149816.42465340684,0.1730267673301304
farthest_package_first_MPA,36,2,500,14370,155415.60461826262,0.18186035722570168
farthest_package_first_MPA,37,2,500,14710,150523.31418237515,0.1718898708361659
farthest_package_first_MPA,38,2,500,14599,153969.49067751822,0.17730666484005753
farthest_package_first_MPA,39,2,500,14713,156554.39732314897,0.17887808967126578
farthest_package_first_MPA,0,3,50,2095,28315.180194350978,0.22673031026252982
farthest_package_first_MPA,1,3,50,1997,28152.66529774847,0.23618761475546654
farthest_package_first_MPA,2,3,50,1720,30114.569160134866,0.2929263565891473
farthest_package_first_MPA,3,3,50,1723,34247.90665956281,0.332849680789321
farthest_package_first_MPA,4,3,50,1849,31468.687623980375,0.28492879033711915
farthest_package_first_MPA,5,3,50,2162,32426.028846136618,0.25131051495528833
farthest_package_first_MPA,6,3,50,1653,27493.118602972634,0.2792901794716677
farthest_package_first_MPA,7,3,50,1986,32566.93880096613,0.27416918429003023
farthest_package_first_MPA,8,3,50,1532,24392.179985635412,0.26708006962576153
farthest_package_first_MPA,9,3,50,1892,26818.253238524194,0.23749119097956306
farthest_package_first_MPA,10,3,100,3343,52564.81613025261,0.26378502343204707
farthest_package_first_MPA,11,3,100,3183,54953.2048305363,0.2898209236569274
farthest_package_first_MPA,12,3,100,3305,58641.4567952799,0.297327281896117
farthest_package_first_MPA,13,3,100,3371,51589.03991564752,0.2567981805596757
farthest_package_first_MPA,14,3,100,3400,55162.06953168623,0.27200980392156865
farthest_package_first_MPA,15,3,100,3620,61939.23516742517,0.2871546961325967
farthest_package_first_MPA,16,3,100,3590,52807.08009511815,0.24628597957288764
farthest_package_first_MPA,17,3,100,3401,58896.74089040654,0.29025776732333625
farthest_package_first_MPA,18,3,100,3503,52947.68565807963,0.2538300504329622
farthest_package_first_MPA,19,3,100,3324,54351.94019876214,0.2743180906538307
farthest_package_first_MPA,20,3,200,5967,74976.19708453739,0.21130104463437796
farthest_package_first_MPA,21,3,200,6621,75720.86234070221,0.1923928913054423
farthest_package_first_MPA,22,3,200,6073,70513.85153030982,0.19561995718755146
farthest_package_first_MPA,23,3,200,5900,78983.29042423677,0.22491525423728814
farthest_package_first_MPA,24,3,200,6413,78394.93869333816,0.20552003742398253
farthest_package_first_MPA,25,3,200,6139,79068.62056006839,0.2165119183363197
farthest_package_first_MPA,26,3,200,5831,73833.46959642929,0.21294231978505687
farthest_package_first_MPA,27,3,200,6044,72805.07000862264,0.2027906463710567
farthest_package_first_MPA,28,3,200,5963,76025.31210764463,0.21407009894348483
farthest_package_first_MPA,29,3,200,5664,72375.88324418446,0.2151306497175141
farthest_package_first_MPA,30,3,500,13052,110884.76316267875,0.14384768617836347
farthest_package_first_MPA,31,3,500,12989,113063.8908478484,0.14739394872584494
farthest_package_first_MPA,32,3,500,13900,121162.38172761645,0.1474220623501199
farthest_package_first_MPA,33,3,500,13760,118887.5712165559,0.14605135658914728
farthest_package_first_MPA,34,3,500,13696,113481.04457683378,0.14019908489096572
farthest_package_first_MPA,35,3,500,13423,110502.52211675663,0.13948695025950483
farthest_package_first_MPA,36,3,500,13600,115239.77078150844,0.14325980392156862
farthest_package_first_MPA,37,3,500,13506,112724.796814078,0.14109778370107112
farthest_package_first_MPA,38,3,500,13508,114385.56897240583,0.14335949067219425
farthest_package_first_MPA,39,3,500,13803,115714.39520314141,0.1419256683329711
