x_coordinate,y_coordinate,no_packages
724, 317, 1
1345, 540, 1
738, 31, 1
1727, 1177, 1
838, 1836, 1
44, 1886, 1
1366, 672, 1
1053, 404, 1
683, 472, 1
890, 1118, 1
1842, 874, 2
548, 825, 1
319, 1615, 1
1466, 1502, 2
414, 550, 1
384, 203, 1
509, 1267, 3
1356, 1268, 1
1504, 771, 1
1962, 300, 1
85, 1114, 1
722, 1529, 1
1675, 1258, 1
1894, 1367, 1
1628, 1992, 1
1014, 821, 1
107, 466, 1
1487, 715, 2
287, 1773, 2
1253, 434, 1
1534, 679, 1
585, 452, 1
469, 1808, 1
1028, 651, 1
880, 520, 1
3, 1526, 1
1347, 742, 1
708, 1519, 1
852, 1683, 3
1454, 1122, 2
1581, 619, 1
925, 1880, 1
259, 1308, 2
1900, 1302, 1
1041, 930, 1
1915, 710, 1
672, 461, 1
878, 1913, 1
214, 1181, 1
661, 1964, 3
927, 928, 2
804, 1961, 1
1251, 1309, 1
1440, 1952, 1
616, 1747, 1
855, 1558, 1
1573, 412, 1
117, 1881, 1
435, 1961, 1
1110, 1316, 1
1294, 45, 2
1951, 390, 1
1172, 291, 1
1743, 1225, 1
1959, 1832, 1
1198, 1110, 1
1292, 905, 1
174, 1847, 1
533, 1569, 1
302, 1502, 1
1326, 448, 1
26, 1557, 1
782, 1879, 1
296, 191, 1
1237, 223, 2
994, 419, 2
776, 1065, 3
1673, 1156, 2
244, 1142, 1
816, 1257, 1
1287, 676, 1
998, 983, 1
112, 1985, 1
22, 476, 1
1175, 1376, 1
1158, 1126, 1
1414, 1714, 1
1834, 750, 1
187, 1144, 1
1636, 1382, 1
991, 361, 1
376, 1112, 1
627, 1426, 1
889, 1373, 1
1478, 1781, 1
611, 1459, 2
1504, 1690, 1
40, 783, 1
1732, 771, 1
1451, 1493, 2
1305, 901, 1
1557, 841, 1
1240, 1542, 1
158, 61, 1
1939, 1769, 1
914, 1448, 1
1181, 1496, 1
1167, 1616, 1
7, 1389, 3
120, 922, 1
140, 1186, 1
1521, 123, 3
1527, 1483, 1
1872, 528, 1
1019, 924, 1
38, 571, 1
271, 1885, 1
1020, 715, 1
235, 1081, 1
515, 1213, 1
1533, 1083, 1
774, 75, 1
614, 99, 2
595, 1659, 1
1417, 840, 1
219, 181, 3
1670, 1355, 1
1944, 131, 1
989, 183, 4
331, 1244, 1
329, 1264, 1
1549, 319, 2
22, 402, 1
272, 1158, 1
1511, 497, 1
1689, 805, 1
1012, 1142, 1
1219, 1690, 1
242, 1456, 1
51, 1574, 2
74, 888, 1
350, 583, 2
391, 119, 1
1600, 505, 1
1583, 237, 1
41, 1972, 1
773, 1960, 1
965, 1729, 1
79, 1787, 1
1466, 415, 2
712, 1571, 1
1713, 305, 1
737, 1865, 1
576, 33, 3
528, 1463, 1
1812, 1906, 2
314, 1106, 1
1471, 1469, 1
1157, 608, 4
730, 1718, 1
1712, 833, 4
1981, 279, 1
271, 1877, 4
1004, 383, 1
903, 890, 1
1023, 643, 1
663, 1591, 1
301, 1335, 1
174, 219, 1
1128, 44, 1
1201, 568, 2
1695, 767, 1
1019, 752, 1
525, 475, 1
1844, 1438, 1
707, 895, 1
921, 240, 1
94, 1782, 3
1660, 289, 1
432, 83, 1
346, 1755, 1
1264, 204, 1
280, 946, 1
40, 1838, 1
856, 529, 1
864, 1005, 1
1281, 796, 1
1181, 400, 1
1591, 1524, 1
792, 621, 1
1364, 67, 1
1668, 1577, 2
1422, 1967, 1
971, 462, 1
592, 639, 1
379, 138, 1
1530, 627, 1
1480, 176, 1
1507, 78, 1
1738, 1161, 1
1408, 1176, 1
1023, 1459, 1
1336, 1340, 1
985, 710, 1
1840, 1410, 1
1357, 1436, 1
888, 1589, 1
229, 1564, 3
1253, 1216, 1
1130, 338, 2
278, 1796, 1
797, 1670, 1
1008, 66, 3
620, 1879, 1
1369, 389, 4
1810, 798, 1
596, 1868, 1
806, 236, 1
1967, 724, 1
1880, 631, 1
178, 1808, 2
1350, 62, 1
1673, 1819, 1
414, 1817, 1
1252, 428, 1
1753, 836, 1
1361, 144, 1
941, 1988, 1
1049, 1435, 1
587, 1527, 1
1884, 1956, 1
1778, 903, 1
451, 101, 1
1188, 1081, 2
603, 1699, 1
1326, 1672, 1
712, 1867, 3
1981, 23, 1
1036, 1800, 1
756, 935, 1
1579, 1642, 1
1348, 1907, 1
1072, 1688, 1
1974, 645, 1
755, 1737, 1
847, 1635, 1
1554, 54, 1
359, 725, 1
271, 13, 1
236, 1319, 1
1585, 1356, 1
1776, 1562, 1
320, 1855, 1
368, 1476, 1
439, 1644, 1
1108, 716, 3
112, 674, 1
737, 134, 1
17, 751, 1
1559, 448, 2
112, 1563, 1
573, 1836, 1
1521, 1703, 1
719, 77, 1
525, 302, 1
1168, 71, 1
811, 298, 1
1718, 763, 1
978, 1980, 1
1480, 546, 2
1054, 213, 1
1150, 776, 1
390, 750, 1
821, 1035, 1
514, 811, 1
1046, 1191, 2
520, 1628, 1
1864, 1498, 4
1893, 1095, 2
1124, 395, 1
832, 149, 1
1215, 1751, 1
822, 186, 1
1678, 1217, 1
66, 448, 1
815, 1624, 3
1827, 1332, 1
1785, 870, 1
823, 1124, 1
210, 135, 1
720, 1763, 1
1024, 1374, 1
1709, 1718, 1
711, 518, 1
475, 1186, 1
1761, 1545, 1
866, 1874, 1
153, 1215, 3
1491, 216, 1
66, 48, 1
1795, 1844, 1
1644, 1027, 1
973, 778, 1
944, 481, 1
672, 507, 1
1874, 106, 1
295, 1393, 3
35, 1968, 1
1203, 1328, 1
451, 297, 1
214, 961, 1
628, 1054, 1
1871, 1098, 2
157, 1168, 1
1488, 400, 1
862, 1007, 1
1174, 1221, 1
1607, 596, 1
873, 1753, 1
1515, 1849, 1
388, 866, 1
1655, 1653, 1
580, 13, 1
668, 367, 2
960, 283, 2
1898, 1696, 2
111, 1027, 1
311, 100, 1
1230, 820, 1
1967, 632, 1
364, 146, 1
38, 1663, 1
462, 678, 1
221, 870, 1
270, 885, 1
1279, 1459, 1
1446, 567, 2
1386, 1231, 1
1685, 750, 1
885, 993, 1
954, 328, 1
372, 1085, 1
1655, 1365, 1
1411, 174, 1
140, 1320, 1
1361, 1314, 3
1479, 679, 1
1983, 964, 1
1987, 1447, 1
179, 1304, 1
1482, 514, 1
909, 624, 2
1091, 1103, 1
1155, 1668, 1
1766, 1069, 1
614, 356, 1
1802, 1870, 1
296, 1141, 1
1504, 615, 1
233, 1122, 1
1922, 582, 1
527, 315, 1
1961, 965, 2
371, 182, 1
131, 1563, 1
1384, 844, 3
1108, 758, 2
468, 1589, 1
1666, 1890, 1
1268, 543, 1
1962, 200, 1
982, 1353, 1
665, 1414, 1
1774, 648, 1
29, 1417, 1
1882, 1021, 1
1566, 1699, 1
871, 419, 1
328, 970, 1
1959, 1507, 1
629, 1393, 1
1825, 1071, 1
859, 1445, 1
224, 1159, 3
1118, 1759, 1
1211, 1786, 1
476, 1320, 1
994, 1760, 1
1335, 1422, 1
1650, 349, 1
253, 1134, 1
1749, 1694, 1
1136, 1015, 1
1323, 491, 1
725, 476, 1
1966, 1733, 2
469, 314, 1
1093, 414, 1
1060, 965, 1
449, 47, 1
851, 856, 1
430, 1320, 1
840, 991, 1
671, 1238, 2
461, 545, 1
258, 1678, 2
1479, 1021, 1
677, 426, 1
1012, 1773, 1
1264, 187, 1
525, 1885, 2
1417, 1778, 2
1568, 812, 1
312, 1584, 1
64, 1133, 1
383, 1929, 2
39, 589, 1
1662, 1443, 1
831, 583, 1
815, 213, 1
653, 7, 2
1763, 1337, 2
1627, 1454, 1
1473, 95, 2
1286, 1395, 1
1121, 1950, 1
1468, 1590, 4
1084, 740, 1
64, 1449, 1
640, 1710, 1
15, 1385, 1
1316, 1934, 1
1369, 1214, 1
1655, 78, 1
141, 1035, 1
750, 883, 1
802, 1652, 1
575, 1164, 1
675, 1675, 1
1077, 526, 1
1969, 1607, 1
318, 871, 1
1544, 945, 1
1940, 320, 1
126, 1801, 1
884, 1853, 1
1239, 932, 1
1061, 771, 1
1356, 589, 1
416, 299, 3
1358, 1355, 1
659, 1639, 1
827, 301, 1
948, 1945, 1
1308, 1140, 1
1661, 826, 2
61, 1205, 1
1676, 1618, 4
518, 471, 1
1053, 1474, 1
543, 852, 1
1943, 1456, 1
50, 1900, 1
495, 1345, 1
1204, 1716, 1
1791, 1558, 2
1354, 1845, 1
736, 713, 1
261, 468, 1
83, 1906, 1
723, 671, 1
1302, 984, 1
1562, 417, 4
93, 907, 1
1574, 1304, 1
210, 635, 1
1435, 157, 1
872, 1607, 1
1537, 1519, 1
53, 1407, 1
456, 1724, 1
115, 1983, 1
1575, 124, 1
1849, 1697, 1
1847, 1708, 1
1450, 644, 1
1866, 12, 1
1332, 856, 1
1927, 1933, 1
649, 55, 1
637, 1753, 3
1404, 834, 1
1823, 1542, 1
1939, 1927, 1
344, 461, 1
539, 657, 1
1099, 106, 1
1448, 1798, 1
1365, 208, 1
1144, 238, 1
